25766240
33278353
30038342
20190120
30916639
34004361
36948728
11189729
29483681
25220240
32088278
34620384
35421381
25453027
31095798
29095520
33020748
25392474
37039866
33556912
35027225
28332127
33634525
37038199
37419378
11193649
24069463
28442755
30605627
21269678
28195145
32612970
35034117
27856085
35632601
29066781
30001331
30210013
35164759
35676600
33842581
28372566
23980752
35742291
33592052
34983549
30400983
33679261
30518565
32886679
34097704
33793560
26996520
35294445
36172946
37311559
25213376
38005736
30860021
31076353
16630376
22237907
33380339
31404077
35000240
30963872
31210496
24912923
31192493
32498187
27957534
36122224
35752450
29940047
14584362
32492277
26455783
34455664
1687929
33106399
34327184
33722680
31786667
29192342
36461661
24923529
30940142
31866311
26231772
33508882
32027836
36214050
28568902
32929295
32810445
31729796
30999059
19822428
30103825
35093325
18626684
12177985
37126514
30742810
32756569
33415388
34578272
28775261
35260722
22896649
33411795
31683644
36264921
30895653
29245664
7840447
28487118
31989365
30986339
35259155
24715680
34341668
30373820
35698157
34015050
33847888
33678396
29385189
20649638
30633714
29557569
36732769
32964690
34823527
34379756
24148143
34652248
32326472
20078644
31210475
36806491
22434002
33524383
30927165
33382723
31029229
33207055
36744075
36635347
31216349
35025976
33146245
28438917
30852797
26817785
31683005
30041410
34668599
36093204
36569210
32892056
34533766
15604468
18638125
36433985
33187952
34535396
19627629
30408294
34762688
29728637
19037481
36651117
23878341
34552082
32255797
32958676
37438994
28875505
32866606
27894991
31412022
18814701
36689474
35026036
31707006
33514519
31846673
32542036
34273000
36239293
34430695
33130572
8778670
33263214
27907255
29902171
28438919
31638575
27283176
32463079
30709399
27603553
30325671
31730640
32827453
36823026
31747545
29965961
10078389
34748016
25005234
35804170
31533794
34732823
31210471
32797397
33022233
35303948
34696393
35551272
23043443
29709689
32173316
25481280
24376597
33480060
33306024
21628560
32800109
34448977
28724731
34233975
33956885
34702887
37518030
28882517
35195785
32452108
31493064
32764827
35061815
37569037
27430261
30768977
33097287
31426810
37829607
29236924
34898653
32731887
37548403
26834200
29808578
26254022
33990677
36037980
27322844
34504011
31345256
27669009
9273125
27267223
37308504
32385369
22011477
10548285
33435494
34137809
36108088
36870470
28855143
28526036
25908498
28500789
34726032
36262223
24391989
29976993
37099599
33830073
29350136
25229705
28449375
37761811
31951257
36436908
37788715
28500421
30459316
27832185
37649415
26039029
32598382
35485995
30375390
37794184
23118953
36384991
25149186
22163825
35944483
30412612
27876648
31054417
31683006
33794003
36898744
30379912
34055672
12265923
12653150
26597549
29368343
28968440
30629624
28426668
30223856
36270359
34136994
31291252
36870318
25990298
26013137
23420951
25906923
36047697
36896663
12288797
28867401
12319217
28135660
33857665
32426458
26576760
31418017
24901706
25902035
26842291
26066984
30747321
26399854
25358436
26653258
34859372
27418960
27852326
35240567
20503187
34620991
20095246
25700265
26142887
33759938
27435655
37057888
33556037
29630671
30204778
26599572
19005565
25015104
34172700
21040506
30300359
32397629
2825518
28042895
29311638
28176029
33154394
36878633
8203703
25297867
28464282
36163115
25212725
36698132
29216248
34665665
21129187
27573616
30578585
22866895
32318929
36921205
26153693
21437928
27245442
35766781
31426380
11436996
20095248
28182796
33106645
17428432
29990360
15962774
30732636
27128736
26047181
16273305
23298293
34537924
26515058
26683241
23990996
31907382
25923711
12159268
33402963
37802618
21268974
24968118
36208309
22087532
25629783
29198907
27456938
17929405
29117184
17883493
25083704
24372791
34076045
29551393
12283382
20378249
8018295
28315189
18454288
12284680
17913145
26421767
27387209
29448019
29595406
27176218
23678872
27741235
27681556
29246255
20306641
2992305
30133638
27466114
27504632
29041790
28494004
28426415
27383000
34119006
32646220
12625934
22989665
19527797
16407338
19557532
12285660
28692668
20391907
24402154
12341995
12286676
28927432
26177097
26883507
25047961
27369573
26095900
12314276
28843350
17708155
28124730
23280343
16958077
26294048
11426280
15362189
23897566
12552450
22205976
21848962
16687679
18648795
29732825
22436465
26880842
17767408
20653561
18320112
17913894
12310354
12979226
17539279
11436778
8691405
1649373
9302420
1518916
27698460
35263561
37103759
28977769
31439788
26674683
16500026
31474083
24740162
26448052
34252050
29408493
36652777
35724712
34135444
29509941
32299374
35239862
29042273
28859676
29932933
27055652
29445859
20537098
31443500
32602435
26805742
37700295
33240628
28646879
28286602
29948201
28863390
35355081
27816059
34024357
20439962
33957959
29519247
26233940
34634266
31733928
32776269
33373893
30347429
34545162
29534747
31981495
24044424
33899346
32567765
32501195
32246110
26981688
33530995
33106507
32050663
23060508
25424445
18506303
33298058
33827424
25341661
30728063
17531040
29898780
35284640
27171475
34052668
31303231
33548598
30373640
29143466
28477100
24726466
29319514
31835740
33219809
30828830
34377859
28620680
30784627
26290506
32179808
34986176
27846491
33574059
31053325
16094807
34083582
25515239
31466310
35712305
28421138
30125528
36130251
37200992
29882717
26517655
34627762
24369962
22194787
33206925
31489184
30496078
32528188
29497506
37319139
29757505
31926505
24967932
35939419
30846887
33045239
32351056
37229480
33996190
29056410
25102068
17568894
29753341
33160380
29390141
29882154
36107000
31529110
35511327
33716363
31863764
25993520
25886166
33233871
34088101
31554225
30176912
25184118
27833907
22894109
26071051
30976697
26415942
30878108
30744159
32391906
29846442
30196093
34190034
36746249
34722437
34147139
28959435
34001266
24205420
8488073
34303257
36657808
36097677
33491468
32508419
32097449
32050891
32395585
27591882
34684185
25520947
31660266
22957029
20521105
27047211
35429452
37950177
29789586
33878307
27388293
34240065
17216209
28104552
31471272
28066470
33276530
32458775
33150627
29020041
30697404
19293926
37990719
26433075
26696294
37680477
30158281
29194014
27862555
31518573
36842196
29423176
7799845
34261341
25022835
37875169
29468026
31177585
36991403
28715294
34620217
30712755
36898974
36118217
27901062
26058043
32146907
35320277
34258577
28794984
28770842
30533456
30875544
36087606
35107524
37551380
31771587
32127002
9675511
9150981
16044683
24740263
35404983
16909569
27777950
29695276
33601771
33705398
37544169
19915916
948646
37307287
19754513
30503045
28733024
33119616
1784969
19800380
34776763
30708438
37591403
19120179
34484434
24285448
27529479
31097276
33727688
36056068
24949478
2317038
34494873
33177665
29046610
2352514
31262309
33681315
22347297
25946245
30056981
35404133
37376655
6198530
30894258
27439067
30612345
21250480
35465645
34174956
17629393
29900773
25193349
31192421
27780250
30165879
25078065
27790610
32293452
7442510
14043753
24269658
22844752
29774296
36397077
29673389
27547321
27725673
6319740
37149619
34175480
35952923
20660738
31193257
17341297
25742262
25359973
26238201
26236837
19942273
29914597
33093465
25958127
36373930
36361879
37583455
28504092
30474600
17568941
32199831
6197791
19672762
17416404
23006744
31662691
37389819
23137234
17876909
36817976
36262279
35222943
31866439
28352293
36633561
30918405
31534840
26517660
25810711
32429942
27015596
16871908
32199120
1800409
35784084
35657574
20549712
23060490
25777342
15962775
34584927
26761375
37552753
24259087
32150557
19694125
34523669
9185363
30359280
22393619
35802748
31842809
35736989
33952645
36989601
25310102
19142448
11775321
33581069
28116351
33386846
407675
12973560
24587201
19786288
26107772
32514220
6574260
29757525
32059788
20643927
34692809
33607016
37696485
1477789
29774844
36480550
29661178
17436732
27586080
34450133
25709828
17605219
31578140
29936542
24465748
23352955
31211661
34233764
2546247
36478720
34233742
17350501
19801795
33713812
21182774
30689662
36408298
19885680
35361218
24903849
36777439
20717860
15816140
20098931
23278278
34051786
31053085
35055864
33732738
29128377
29846652
38000706
23556023
32993666
31743352
32884865
34735469
21039123
36864537
33484236
31236240
24698659
30708488
21212205
34635728
10357469
16336671
27185767
21933192
8525416
29273442
32503123
24171848
20089152
8266403
34860836
36509890
33665082
28433410
36598050
32513255
36519683
37455023
32616896
19224998
37376670
35809085
35176378
32354342
29988197
12075131
6310140
36634133
28575046
25215034
22548538
2985910
28487526
32109945
31593524
31917785
23200406
35459298
33430150
15243795
29084553
23242299
32630843
37450491
37651847
34563138
18565224
36876062
30376899
23259834
18944185
29050949
29847561
30270910
27982119
26099940
26965637
12061439
27499855
32837272
29721258
30274402
36184593
34645406
33196834
33601863
36977180
26207895
34203238
19915431
31082365
12715946
36561761
12408676
8906795
17891274
32588813
22102016
16359406
28547363
26710251
29450056
9872003
33454363
37759299
28616467
6260972
23805559
26017334
28770219
37515135
35563297
25058400
36477908
22775076
23709470
28399225
34876411
33050957
33915269
36668918
23082550
32295627
35292018
8827712
16873184
29523210
37093325
7728877
16888948
18648799
9342807
26802604
21305008
33481802
35355422
17343728
26158273
30722606
18471797
10690465
32458785
6095406
18505567
30137379
28662031
24941262
35427650
30364243
27786160
30890183
37131237
32717208
3669124
24718532
3862107
31123792
29764730
34242520
37612396
18500974
36297237
31119710
34035994
25058178
28193289
33430422
35931180
20300516
27905270
24885508
19226769
23840431
33007497
31799614
15218216
37242319
37441229
36554799
27790825
36691285
31402380
28100811
14645982
36467507
17627429
24830000
15311458
9653730
24341276
19331765
16386774
34083937
25687913
29554901
33036253
24676404
32277592
27760144
27727270
12490404
10544600
28381279
10682744
35543085
22759447
34081717
25755850
19593079
19488519
31014613
37738421
6313967
30849980
32978448
37507516
35464359
24933611
20433694
31295245
35549325
22080347
12805751
24188563
32535066
11030048
30509251
23104425
9243802
26872970
32279056
10774642
24679924
32530921
9337013
11287575
36676094
37649967
9853043
32203517
34288809
7806992
22253852
32918410
26607833
6248877
36290016
31812638
9811711
29118121
37762287
21859712
28008421
36422598
23596523
17633422
30621824
16514279
34430698
33322524
26437860
24066037
23552185
27639932
29117243
37976706
31326444
33831004
23233503
8573383
29925662
32314042
1801141
33126907
30970658
27357207
36839470
21946336
11024154
16809964
25904953
35805337
30342250
26241211
30138366
28025246
8911575
9840286
9697718
10395841
32536945
37814287
9434099
23510780
28869156
33612742
16336308
30296859
33779254
35623398
25480880
8552415
32841638
25040079
36617576
10388656
30189883
24656810
34607949
19664282
32064548
17411375
10791876
21914824
212738
28241828
36526310
7585218
32103776
15295615
32958055
26890380
31103456
37370521
31486088
33106981
19537092
27300696
20460093
26711512
35064267
34795386
30722548
27851895
6252347
19133221
33062440
18783153
9237719
32416074
8551601
35698520
22971463
37221209
2795618
37263824
20109865
32956355
15307921
32837338
33173445
26822599
33656141
9342805
27031241
33452842
9813670
26590609
33579043
8917539
25921529
28943886
15889159
7916512
20162549
37391644
34821542
37510346
24615140
15194768
11193624
28321360
7934972
36354793
28793783
28739906
26249349
19390328
11251889
33101551
25167160
16227248
7515973
18945183
34835074
29673445
9334722
23953958
6005906
35746729
26382041
33917373
18021022
15018709
10916084
20209347
37766380
18171258
30391400
7638218
31549726
25271787
33875438
27885775
29657002
12805470
16250877
12819078
20589378
11125887
21635654
32714830
31091236
30395997
11821899
29540186
16699036
27956905
10677760
11421373
31904345
25817462
28168033
11804551
37118665
32165645
6252340
29059184
8955041
30845454
28573463
18157700
36038947
37760375
11897579
35284897
29746945
11160233
36639920
3728793
27916543
24878961
37028811
18443125
31815285
16603531
31077118
18394820
9188648
23831448
8261564
37189001
4716203
37923972
37953832
26496430
24040008
10904413
18279007
32959173
17852074
23627966
16636930
37031071
33230120
22448720
24636787
24874796
2156944
37750982
14650033
17828441
23774428
31104416
36851785
31234437
10644351
10438838
32842560
30841121
35373926
30822547
36146691
18368715
30791332
15588348
33902178
29040727
30722184
31442143
2999434
15750826
17613714
15109956
22615275
18194261
37235304
9990643
28434050
9696790
31580848
12901736
1358161
19136072
9546659
35183241
30281949
35736973
30727102
28530509
21752470
37386431
20227738
27588085
22308456
22824418
30856957
37291620
37352315
34188584
36840574
31442380
34588855
24678592
34331389
14584374
25414313
8892885
35506011
26174820
33570690
20172579
16160156
31285495
27884445
24657665
36354885
37939962
22844444
11110049
18066485
26916933
37104473
11943192
31070704
21944217
9545196
25996507
29336685
9774789
9379028
35176694
28306717
26516964
33292095
11313818
20817800
32596875
36992436
28189511
34749526
29496347
19899616
36350927
28365217
32943684
35182280
15646071
8955063
30731991
29202107
34072677
32454032
27519257
31007374
10854664
34807932
8841100
35672870
33204845
15780868
12860456
17280675
27643887
10775626
34025769
25269988
11429110
8898753
25127159
9759928
3574129
19839498
30569944
6308644
35491827
3041046
33862059
33138849
36118168
24630506
37127638
24037107
16218807
37129695
32614827
7732267
11936872
28507409
34174947
19854306
29972600
33217516
12642032
28688628
228301
26677094
34206636
19696734
37882954
37665137
11147494
25031912
12022448
8617345
10836755
7745720
28988983
9455924
9223495
12659040
9840599
35050008
17645111
23941965
23845434
36835678
7618285
19967233
26487247
16407945
37311230
29346369
20940179
1349324
28260567
34853634
18003735
37653886
36688250
30658641
21181274
25466219
17114767
6283152
30390399
36627795
9507765
22808394
31155206
9213630
28620050
34479605
329697
26816886
35536609
25885902
16060836
10749209
29944744
28789682
11080514
15295693
31892699
17655174
33119097
1299806
33613583
33630685
10388657
19413916
11285490
27022740
14766558
16336719
33904329
1035008
22293827
25090233
16631222
9184207
7713013
12656126
33906225
23122869
36450768
19009191
9256481
7707545
10736178
15632088
9671799
30167104
3025125
21989642
8222995
29233995
35655325
25762797
35279099
19725384
12124463
21144182
29373596
37503338
30152196
36087604
34980919
20231892
33888092
9647259
34936066
30431001
21518887
19234665
12144703
9609652
30016714
25428163
34011383
20485494
7682386
10799878
31311606
32367955
22897918
28630803
6972535
29625787
36693209
21271075
18452797
30731909
11070794
14595447
22235589
35726500
36277107
28789988
26742048
16218800
37085902
30381537
24754921
29463410
27442536
25506587
36527116
33830072
32604785
6132084
25821192
16862321
14641523
34224564
37998921
32851044
34578178
35120121
35003704
26052326
11895031
30722590
10432050
24605450
10515147
9561591
36995765
19030157
11369888
33066621
28905707
32697402
15180161
23562237
10875612
34140980
16302065
31773464
30165519
17703422
21821587
24339965
29531714
27557784
23833660
21198428
26086739
1486648
11709091
37863671
9973440
2845688
30823009
18831144
33558105
26172559
29320544
34577541
3202769
22428067
35115119
3914595
33348056
18753222
26849762
30223860
33648916
11028810
19197490
24856445
27896023
15889755
35653646
36278029
1675761
36730131
10583365
22593150
29661212
10606090
37339715
29221850
11788024
8207838
37627384
35061901
37659665
7934167
25105746
19190992
28327792
37622664
15858145
1421497
32093420
35650654
11272420
31129098
37536599
28732550
8435043
16216270
28818649
34662258
16409192
37253563
27132518
33722581
6800906
23856858
31758615
30769759
19703460
2574904
26715524
29572469
6306276
30743514
22575202
37919640
29137663
27846858
30317556
30662968
30151669
30606265
10562492
9261451
32720064
30564998
30497537
4028313
16900500
23235470
30722294
37943897
30872207
28922357
26808820
8557824
25573064
35151887
12048560
34617571
18725228
33869790
35603276
29140110
9326650
22171279
25915507
9261346
19902301
26633465
8214272
31981458
7142194
29875840
27028271
29346738
20368576
29625920
16699037
7561187
35895331
26943897
30565375
21460020
23971941
36647039
28431093
22735265
7595377
7527089
1292426
19187539
10559284
12368305
37697363
24470091
31321598
27871289
22129416
37156183
31775755
35143647
19691417
8496677
27005969
33872307
12141747
20300860
17744384
32398102
18059536
33732569
25809223
1704032
12480698
8996049
28443981
32163031
34411097
7996161
31897789
17668273
31182804
24025331
34755807
25336729
12180886
26086951
33193749
11791974
29412361
30274443
6111904
7802499
36599756
37876214
22954962
27860005
8134773
11288515
36828536
34751588
11010842
18943290
16983819
11163081
10513726
29371125
25443854
33115880
37405994
35297680
3866255
33082730
28899392
32526506
27402516
18187801
31477581
25769969
17614131
19504165
34210073
29774284
32504590
16597885
36815179
25128829
33925275
28066759
9588233
9479820
37292140
36464254
35733096
1349288
33292193
35143523
37577134
33382697
34492393
34759971
19623205
22805949
16740321
31610813
31053095
30728618
10048017
31907297
36851650
21500631
11193656
12504126
579613
11935921
21539658
31289720
30975205
22020690
26196330
27863902
36589871
8834460
28981632
29370805
15487323
37165438
1688286
30882303
11632262
30563084
32053515
32178706
20507503
17201671
1548785
6780209
16474091
26769991
28207905
28655669
21323466
7987520
16267968
33189151
31226721
35581910
23469235
1773118
1744296
9507759
36077791
23317043
24752688
27148226
9234530
2563721
30215574
28893194
28404504
21731606
9256939
31907284
36508435
7802500
18337346
10722791
19204351
7512153
34175237
30823097
28694187
30165072
27494600
37999086
34895083
32546117
23242303
27387412
15034779
28575116
37220907
25312199
30779959
25413569
30295822
15082548
31272509
25997386
11529558
37114063
15289094
26471012
2907258
36962186
34229653
31559812
30755288
23427431
17700956
34563255
37623856
27774287
36856652
3220630
35085865
24703251
24948693
29547362
32355449
23341884
4778581
9603320
35964473
25229220
10445282
36851630
28758162
23384706
11940347
28407812
9428583
36824515
7907552
611168
30919547
27777032
24878504
36372877
31683990
33890197
25349267
30699718
31858924
8741678
34844214
18788913
23489037
7915530
35788571
32241748
30828358
36329096
21448277
29310650
34446081
22872679
7576912
17823750
15890472
8291198
17919108
31092076
27715427
15311474
3753801
28310312
29890711
21217044
37060294
35667600
18945058
16453420
17207272
35158549
18060077
25161915
8447519
26818097
25374426
34843476
29106512
21809643
2619374
35619191
10782075
22327644
27353595
17162959
15286010
30587214
26095185
3193122
17017223
28955603
15753608
9188565
29110709
27246270
36854303
18534006
37215039
806971
18173363
23374479
6101006
31926144
30936110
36058332
29370307
37082702
36240937
35183126
30606229
33406727
18062836
2565269
24386405
9132277
22164837
26060873
36758101
36409281
33922370
27164834
7528352
19365540
1948262
35256122
34505445
12377191
37375477
9673931
36590813
33390944
26463200
14512957
26105027
23929181
34667829
7494261
34410855
37292923
34193861
9279026
1938763
27034670
33598914
30806574
33494428
29450066
30975194
22022629
35612364
25947349
32022168
2992830
12834008
30743613
32927762
9749643
16154607
9379453
31729799
10514057
186209
25398864
26906344
19469415
7233547
9928820
36091345
26619186
20198160
7304562
28886023
18686237
36114796
2801104
31111942
29637429
35390383
24699849
24852723
33906217
15236507
6186080
34950624
20731094
37054993
26456179
15224565
1842793
34247636
16640626
31533702
28356221
30539388
32087754
26216422
23295871
36136544
37233075
30320912
37197082
36675962
27279553
26943992
4832978
37578968
25544705
30270912
33035209
12557383
26035950
36541367
16310053
18596086
11390497
27599795
28602914
37506181
28558030
25504253
32475727
18852475
24454729
28340594
31612701
3256114
33717108
30818622
21069425
36846776
33493212
145568
3314710
29843770
10759318
28545108
535116
29451599
37985606
35379556
33906963
34985810
29290582
37587480
32045712
33382858
20092794
33832518
26984786
35836171
15784911
33338179
17084877
12406507
19152396
30685411
7970577
30938289
35592741
32243880
30547835
36014960
11761379
29978421
8046391
18209934
7885203
31050631
35065014
29875751
3037740
26400195
37771484
31442631
33027266
31165993
36160931
25158604
34581838
9668449
32123089
12947579
32320389
35932706
17019368
36437285
32987191
34421230
6261401
21287910
10405868
32316979
35808225
29634761
24591453
30540021
19324048
29477551
23701603
23176979
27708543
35123068
12048608
10196323
22583758
30277157
37684701
11761481
32267459
36336957
21434481
25038029
26254003
26246817
24502727
33052930
32962740
29845534
30743529
34090430
24585246
18638438
32311903
1642321
33593809
33685664
31307982
29087275
30769572
29921331
33275906
26459206
20485386
25109652
32818828
27622623
27215299
26593245
35896487
33711519
35694887
37893993
34838348
30462639
26091265
32411138
33957296
36829222
23937905
27262917
25511160
33225979
16184222
30119664
31379338
25401747
21679887
11907383
9765494
26219998
34194422
23667488
32010678
1364198
33134195
15176511
31738758
27154066
9420266
8676469
12478067
12653151
33440315
32114985
11401502
3449740
17950912
37968661
24686382
15293045
36760620
36998684
26751471
33926200
28803981
37347767
36720294
36070653
36504764
27197685
14651464
23167493
25337891
33519269
21445106
36251691
10414040
29336958
10488173
36038942
31417877
30786613
11131807
34995277
2254815
26560981
36950631
36678423
23054434
16353812
37006713
1793281
37230481
9077009
31442120
29656958
33245259
28289566
36094951
23682431
34135888
29739931
25328400
12932763
28778210
17522224
15148571
26724898
34077252
37246557
12869142
30016993
28312801
25961048
25544054
33125375
10715524
28586364
24367579
27983510
26571425
36682648
31512370
28347323
12510900
36776459
23571310
25918840
28845258
31494670
20802819
29486767
26831798
30954453
37359299
11114105
28002616
30274439
17241458
29401670
24172896
28682479
12908034
29017584
34589390
11867624
2014229
29264718
17634084
19842404
33635860
32408449
34388964
29958072
30551872
27704330
31844404
26203987
35417446
33657104
11011088
25727705
32984079
25128408
10559349
33493192
14559681
30166791
22520442
28742460
30727168
36519163
36012841
9410453
29704534
34184112
33875422
37409942
34208961
1373197
10593091
28599206
30683699
21760896
15795284
16959531
29915511
15275332
10961862
15585100
17466458
32504389
30017946
26345846
17488595
12973531
27500641
37888593
23437379
26885721
31634057
33862243
31553826
33545504
1172308
34900453
35980342
10975228
21237938
34353126
37693871
4052698
25231971
31197723
31140120
31303220
26345305
26824354
33408755
28730061
31172458
22848479
37150376
34011503
37357852
33771635
37738325
32832277
36076284
26262439
26965425
21597979
37553973
35777281
32597474
28281773
32594081
11071548
27919688
25150724
35280532
32458606
2619375
27598638
31914523
36836247
36533123
26409274
12700855
20180094
24862350
28924506
33535039
36342085
32405246
30780501
8833267
15074875
15847177
14616369
10467781
2567493
34562420
11854228
24224809
15162737
31130689
19264409
33293588
36921193
18283943
25729796
3705173
6625725
34687662
10920457
26444264
10472444
27522370
19466459
12216335
36184703
27748213
35268531
31401998
7580352
32178257
10814788
26954921
24841791
11063478
30722573
36569953
36228914
20307576
23495028
30845524
27394030
34176515
31517452
31890753
20652673
21831852
26178324
37609267
30056986
14990706
32294498
30222504
12814655
33158442
26906187
33148706
30005664
30122439
35749668
26826578
22022460
18377645
30980301
37850800
37995431
24278496
27829306
17265888
1682492
31014659
33465351
24587898
17182681
30471599
24140300
33861800
32716879
31114946
27677694
24507640
24111703
24069478
37660835
20052267
27624456
25449572
22902748
28499290
29503181
37598701
21170729
24648962
25313559
21354534
14506002
26201129
27373148
33154274
34678985
31342664
26574048
19996435
36061860
37600424
23152338
10873752
9603482
1847695
33842698
28360268
32977629
32174038
25104602
36208216
31477173
32434592
24086302
28700001
19769001
35237267
25057825
29799457
1888077
37124088
35917969
18187774
3256113
1680829
28638376
33012734
28115946
27769720
35389485
9926570
16227229
31533881
31945137
33905288
35239641
37404115
21268989
30961583
8711756
35115621
25438799
29158987
26513585
30807108
21375742
28938246
33290932
27016316
30871930
30668762
27018147
37056704
22451331
25888915
25889617
37676322
36638136
24907187
23034357
9004731
1928567
6397274
12157815
170875
27918261
10774651
30270895
29929561
18373070
14700394
37858326
32799416
12701378
32463608
15689058
22548543
29442435
37520967
36731210
35395847
35447199
33256173
1600221
24468102
36336670
33815390
25819296
34344917
37079014
26834711
20593196
35051596
15956401
20650750
18797762
29377908
11315172
35737709
30954758
29908440
21241811
35820724
34110503
27116054
30632189
32719159
36479576
32246101
32166498
34615917
34440610
3325695
31618609
27796143
21914202
16699644
27812452
29017583
15877866
28119047
25720973
10452816
12510902
29559152
30700970
29559329
7829748
36280850
15319867
15995962
11136800
27471954
10501380
30069956
15331847
37987400
26556966
15940091
26174831
36683140
21329491
34469559
18366257
18705375
24200189
33842392
26012858
26568337
28754415
24788659
19924222
33280264
19082291
35631362
15286824
35641918
37738512
37666450
30754293
27759110
37310219
33004811
36144852
32155542
37645479
32343270
15034738
35974073
30520041
27815694
37095460
30901776
1742573
31310645
32466656
2547874
33433706
31900732
18797754
12798002
35146359
27317947
17276602
28508745
35421085
30780404
2547816
19502690
34476906
33973199
32479837
25728318
24070831
31814135
11470495
33754988
30540031
33664243
2076037
37376609
35729597
33762622
33902625
37563178
24984515
21659181
17824309
32008755
25678450
9274023
33874513
17361843
9057183
36514137
33669099
17607496
33590039
34220995
18330121
28327814
30812752
2198759
29321330
34532234
29933996
33194966
37789674
27708190
28336423
37041505
32645633
29177461
27071390
25369177
26740843
12473152
25317712
19156200
21714979
36433724
25243603
1767480
35746763
34822111
8582261
30107815
34184552
28747192
36297144
23327206
36653886
16682122
27207101
20978792
35314893
19393769
15186796
17123032
17129568
16103588
34570788
27671732
24432257
35043872
8651368
25608875
23427648
10219327
33425860
26580210
27001801
23984919
32091371
18365753
35131831
12591017
12563468
36513700
17928926
23390222
20061766
35411152
33826310
30529448
17373945
30786572
36652872
9774790
28413399
30818631
33054560
17412982
27515509
28362818
5774110
32365353
26696979
24863478
30107830
36048897
37098535
35335643
32464372
9686643
29499040
30708836
24861695
30743593
37043042
36605714
15919628
36658630
30475615
17360396
35218930
30833618
34652609
12063746
10946137
8170156
2505350
31840238
35027501
9950327
34548076
30115888
35336877
34024298
25101644
19652380
36539906
27321441
35154111
31152044
34024375
24466115
34000991
28396467
19917119
17199751
25951607
26172427
37595912
32930091
24324542
17550472
10998225
33565890
23294842
31461403
30769745
24172636
30548108
12567633
10581611
15572442
32319037
23823876
22256988
11578085
25356322
33996260
28219412
25966091
16911516
2435295
30726664
26980673
27627907
25764115
23936976
28061874
27855173
30823289
10551737
36445332
35623316
31999604
35685633
1628022
35183684
8062395
25589880
27053435
26313538
37652066
31975376
28206905
37524605
35324360
34287040
20637241
32840741
21590666
21673192
37810013
36548915
30476160
27821902
29370169
36791582
31174074
37397176
35597187
31701142
27480098
32665762
19960701
34381993
37669453
28858224
2076038
20685640
31170213
32184032
36146706
31376334
20835518
30183294
24924481
25396767
31150611
25803871
36394716
35712623
24593895
31578527
25982411
23741458
27549586
25892315
22475654
22882595
26215126
27267305
2499888
36304329
36040928
22621387
36009641
17124986
17446154
15311444
10902470
21389596
15100448
34578145
32732552
21314429
22012218
29386521
31171687
23660364
32749645
32874468
15535581
15106677
33431479
19842405
16806003
35632781
15218919
8615458
32024703
19624917
22485110
34400726
37442966
8815098
28906183
37482332
36358312
9063665
33023437
32188391
37090083
31500882
9007055
18474557
30942262
31665013
23935820
36123736
7485705
29375803
33239779
27549162
20411705
1514058
28105337
34475176
30754574
34521460
11336541
30690980
14582289
12684877
32138720
20060421
27761752
28979009
11938698
32740033
31951766
34276583
34452444
33498790
30878269
22329518
36987459
34004331
24249730
28867845
32952952
8887471
30392469
36083807
35724312
34855811
9815368
25705218
37273776
30673475
37482605
34324505
25475418
14662874
35951472
35447764
31361989
19700544
34555725
37003399
18684949
32951589
20142509
9700077
28408098
37805215
19230573
27347678
35944581
33420622
28681817
25664396
30563956
18943725
10502143
31059516
31600206
23040510
35871227
31559930
29274052
32317473
34079533
31915168
20410311
32630209
10450424
34816299
32745160
30097031
25275757
2980201
35305724
16180024
9682393
9432394
34990484
34568082
15742866
29320825
30611989
37270512
28468666
31753001
30756093
23765793
2979539
27108331
10482570
21574213
30781271
11911593
31481269
29103262
24652263
32946021
32720219
32130357
30722387
11600930
35215797
35282176
30710567
30780565
31844708
25583384
21699494
35631040
34838107
27855210
31462566
25688018
12479552
36105981
32431221
25077432
29998401
25007073
32910722
33176779
15136590
31776667
33983796
28435302
27059886
22963340
20694855
36891336
34207358
25189546
36002818
17944355
34110600
37380932
30754219
22825254
34126089
31522689
37104363
33750391
37480073
30815287
32563223
35753387
34110578
14690776
30324120
9421882
29475742
23861921
23097620
17124985
8593399
35229639
23080495
23393749
7949312
3432961
9070397
25911700
25368796
37896865
10827872
37910459
11129712
37538269
36757916
30384848
29589465
37157095
25490938
26216513
32228678
36962620
31801691
22841635
21564677
36555084
37095536
18944768
1397203
12592559
21704692
22066438
12812715
12482646
23379283
21439405
33346233
31601244
15334271
33691812
31039202
33516973
33880776
11376059
17494082
11318594
8797716
36053347
31861501
14559166
37729647
32249457
29293591
27821186
32328467
25889010
25738729
31425514
26274318
36680131
29560841
33936554
36290214
15189244
31576903
31519955
33463036
21902719
20579319
16837711
22328170
8355019
2023430
28500804
12617501
26740762
36175030
27464550
33584785
8516626
22917141
22288517
24763256
26318048
36109345
28366929
29267774
31390359
29471851
28379372
35937316
32495985
32344457
31004919
30699660
29899970
26311754
32471507
30708803
34529962
9951708
37286249
26956434
27307452
30585843
26965787
36207354
33624191
26204174
11686459
20011694
31470885
34695785
31080812
30181744
29551198
27073635
26119675
27076311
16174102
28482899
35031031
15518175
38004490
35246142
37430336
26767385
11517618
8827604
9233675
37112861
30514310
37839583
30772945
34266847
34207935
28550309
36849052
28093541
28494215
16474090
26303927
23545366
37227437
30812560
18943210
16038791
10558976
27493141
16387279
12243235
10450421
31086193
24119660
27063099
16730211
15189242
19028400
28676055
26719747
26831147
8346991
36188435
33924242
29264720
37368596
33061781
26486291
16930261
35185886
26198429
33076346
15905955
35853042
35610227
29926974
37833743
29084570
17114684
10417208
25925592
35083973
32112104
30875617
34680727
33082177
29384151
30540759
33127608
29534892
19736390
17707345
34549980
34859815
17972627
9088439
7605123
37926755
30356314
12843055
11926737
24561670
26556117
21613168
30769736
10875284
34273935
22523165
17352808
27382611
20333735
33046056
25961853
32994738
28966914
21653461
25733513
17428939
32430852
16860552
2389822
20003438
29706028
18634864
29040080
33942306
33676518
34589103
35380465
31270168
35568963
32384923
25833806
36428260
19318095
14711649
10927085
18689623
12201600
11280053
16237268
10206688
30202061
37984894
27799966
25193180
16014425
36959544
32602760
25416301
22575729
34252495
35850011
36874179
34488801
32849319
34211017
33132587
19721699
33924550
10398670
25195074
24384774
35432273
34058841
10231955
26697718
32625788
28910862
12581437
24891519
22420372
11434919
36425026
31571223
23165371
35153501
35121361
33079164
34047694
9675273
25720719
2745982
27031729
36877732
31600268
36365026
30597639
34717642
29175392
19021108
29849672
32458607
20209336
27617205
23433345
37831206
30160316
27438603
31384281
35296460
35748734
22705349
25849040
34521454
34946149
27354549
17697681
26669306
11981586
16279206
9181580
20565643
28587866
30813470
30415450
12818429
30898542
32734470
21486472
35711276
27046990
28506038
28438442
35183341
15988095
29571703
36146879
30816309
28902288
27229471
36117393
26482435
30390605
33922379
28888883
32824653
7501871
2126528
35628750
32052519
25730086
28847673
29975695
30976017
21764955
28815634
30141606
19335809
10221089
1307425
20052428
36894969
36737741
35421266
29274465
36593229
34139757
24911282
32118199
24062800
30961537
12488904
31750814
7558120
36825316
34723983
29526166
8914529
18922039
1379626
35812941
34781752
34398820
31311112
20138091
37983259
26788423
11181557
7944953
30739354
33090034
28235281
7858408
10810025
19000771
23848429
16143619
24607491
29362608
36806490
30337649
17425258
17108278
26061234
37456016
21534605
2056057
35639771
23327204
34358714
30769475
28359289
25556051
31943507
37925838
36507073
33826492
20304451
34287366
20529346
33773475
32698896
24657869
22611652
34437532
14720262
35551309
30240817
24367533
30564083
25004147
15583277
11791965
12823837
32951134
24739742
21621920
9481771
34187611
20091903
18155192
31126311
24265055
35911697
30886369
26360297
23617899
34962366
28143518
21958195
15201600
30727107
31674898
27029927
35956822
31142024
37547047
12554081
33452590
35781915
31369667
32434575
35498276
33275967
17058438
29692811
35165210
34242848
32129688
25642276
22355641
30727330
30567019
18753066
9311797
9107026
33309594
16506446
35972703
9790311
30743563
8045592
8814328
27430977
24662702
20551465
30754355
25765198
24112638
27388012
21867526
29232277
30323024
28370191
27802566
30764308
35672485
26279835
37228598
24951834
34432800
36925180
27343362
21538038
28754151
27788228
15302944
29225758
11162078
9660456
37894123
33588991
30754542
33667349
31645551
37339565
30598114
29864165
38007520
10596755
28126391
24380349
23505698
21451992
18612838
28237252
28491367
33308718
30064496
34323702
30845534
34529963
10608232
32427288
25809539
37872579
14576873
21408186
31311882
31623092
18063164
12116030
33731225
27579529
9297833
3133449
31462230
30708448
33786047
34262116
21648238
15654480
35062514
25014331
32039055
18813748
10477404
15199182
35565166
15357212
9593041
35413937
31626654
26852329
34134753
33788849
31594541
22522815
21820559
33972620
37359047
9574796
8930168
37759579
31899274
25629082
22910060
37730592
28333330
30390647
36329618
24921243
21717856
20849806
35304552
23649755
1010667
26822781
22278830
33688018
31133755
30764315
28705213
35844053
37565610
24796674
30304286
21153839
37288752
26203420
33329535
17945322
15766652
12666883
11126553
19551824
17072485
29975649
11862994
36900968
19847306
29846444
25388123
32579895
31250104
29120572
17301146
32397333
18327491
15185937
29947722
10497991
20044919
30341241
24509479
29846640
24366158
11585091
30497727
29446344
21159929
7914691
36544155
35292323
1634568
27226802
25861431
21179555
18318935
16754359
23072139
7594658
26886286
31100064
31577795
36539095
26641858
34094813
34823591
28845894
24589247
33465065
31380053
30716845
27902590
29246225
35192647
35083588
37440763
37880803
28579032
28496530
28108868
27477855
30743437
30366460
31079252
34242848
32129688
25642276
22355641
30727330
30567019
18753066
9311797
9107026
33309594
16506446
35972703
9790311
30743563
8045592
8814328
27430977
24662702
20551465
30754355
25765198
24112638
27388012
21867526
29232277
30323024
28370191
27802566
30764308
35672485
26279835
37228598
24951834
34432800
36925180
27343362
21538038
28754151
27788228
15302944
29225758
11162078
9660456
37894123
33588991
30754542
33667349
31645551
37339565
30598114
29864165
38007520
10596755
28126391
24380349
23505698
21451992
18612838
28237252
28491367
33308718
30064496
34323702
30845534
34529963
10608232
32427288
25809539
37872579
14576873
21408186
31311882
31623092
18063164
12116030
33731225
27579529
9297833
3133449
31462230
30708448
33786047
34262116
21648238
15654480
35062514
25014331
32039055
18813748
10477404
15199182
35565166
15357212
9593041
35413937
31626654
26852329
34134753
33788849
31594541
22522815
21820559
33972620
37359047
9574796
8930168
37759579
31899274
25629082
22910060
37730592
28333330
30390647
36329618
24921243
21717856
20849806
35304552
23649755
1010667
26822781
22278830
33688018
31133755
30764315
28705213
35844053
37565610
24796674
30304286
21153839
37288752
26203420
33329535
17945322
15766652
12666883
11126553
19551824
17072485
29975649
11862994
36900968
19847306
29846444
25388123
32579895
31250104
29120572
17301146
32397333
18327491
15185937
29947722
10497991
20044919
30341241
24509479
29846640
24366158
11585091
30497727
29446344
21159929
7914691
36544155
35292323
1634568
27226802
25861431
21179555
18318935
16754359
23072139
7594658
26886286
31100064
31577795
36539095
26641858
34094813
34823591
28845894
24589247
33465065
31380053
30716845
27902590
29246225
35192647
35083588
37440763
37880803
28579032
28496530
28108868
27477855
30743437
30366460
31079252
26158272
30708829
24082106
35442051
21810255
37932679
32841279
34797987
27498885
35900064
35013403
37691318
28761932
35071285
29354659
32854183
29620501
33906222
31133042
37887728
33375359
31747401
33556557
26263509
7518172
2968464
26148877
36671275
35672706
34702423
24848655
30125272
19796904
32978980
34270450
36096103
26674781
24424273
32501446
26879638
27473186
36362544
22760143
16782450
28330228
22236981
37905935
31429269
26505424
23933168
23861092
23313052
19180750
8127565
29934796
17239886
37428143
14530271
30118799
24053607
20161724
36129882
9462924
29378626
30883550
23266110
34333236
33709054
31316336
26729363
36466033
33172520
28588941
36224518
36111185
28025586
24926796
35773062
27527765
32557361
26465365
34047620
32667991
1542646
36298844
23652406
11080775
28406093
7935628
25197301
20858995
30265221
37516546
35120537
33918127
36089684
31715399
28475709
30741339
26407718
31821114
25502690
22360517
28322728
26229152
25045893
19629524
37766193
36091274
35310840
35300939
32569359
26398819
26075071
24661212
23747103
12759731
8939156
33187548
27924809
30722143
30025798
29294035
34555250
33195307
37069219
30712412
29053145
19856477
34097696
12510886
37240424
24651493
25243411
35669005
32811513
29590262
35013363
26887241
26169111
12682130
12471420
7570462
35216433
33788020
31638023
9870582
34965251
17204152
27465600
11551648
28642006
29093230
28298145
7694966
27724959
27499553
37213686
32766820
34899734
37334117
34749011
33775078
30286114
29764474
26061366
35303964
34402777
23802455
36941291
24739926
24252103
33445014
24836919
35883083
30916179
22302872
21626984
11995930
37126498
32986826
28593838
24421909
31552611
8557348
36803209
31898501
30764120
35488552
31236660
26886443
36414306
30764408
27016638
31308708
17934627
31941504
32876949
29453662
20033766
26158272
30708829
24082106
35442051
21810255
37932679
32841279
34797987
27498885
35900064
35013403
37691318
28761932
35071285
29354659
32854183
29620501
33906222
31133042
37887728
33375359
31747401
33556557
26263509
7518172
2968464
26148877
36671275
35672706
34702423
24848655
30125272
19796904
32978980
34270450
36096103
26674781
24424273
32501446
26879638
27473186
36362544
22760143
16782450
28330228
22236981
37905935
31429269
26505424
23933168
23861092
23313052
19180750
8127565
29934796
17239886
37428143
14530271
30118799
24053607
20161724
36129882
9462924
29378626
30883550
23266110
34333236
33709054
31316336
26729363
36466033
33172520
28588941
36224518
36111185
28025586
24926796
35773062
27527765
32557361
26465365
34047620
32667991
1542646
36298844
23652406
11080775
28406093
7935628
25197301
20858995
30265221
37516546
35120537
33918127
36089684
31715399
28475709
30741339
26407718
31821114
25502690
22360517
28322728
26229152
25045893
19629524
37766193
36091274
35310840
35300939
32569359
26398819
26075071
24661212
23747103
12759731
8939156
33187548
27924809
30722143
30025798
29294035
34555250
33195307
37069219
30712412
29053145
19856477
34097696
12510886
37240424
24651493
25243411
35669005
32811513
29590262
35013363
26887241
26169111
12682130
12471420
7570462
35216433
33788020
31638023
9870582
34965251
17204152
27465600
11551648
28642006
29093230
28298145
7694966
27724959
27499553
37213686
32766820
34899734
37334117
34749011
33775078
30286114
29764474
26061366
35303964
34402777
23802455
36941291
24739926
24252103
33445014
24836919
35883083
30916179
22302872
21626984
11995930
37126498
32986826
28593838
24421909
31552611
8557348
36803209
31898501
30764120
35488552
31236660
26886443
36414306
30764408
27016638
31308708
17934627
31941504
32876949
29453662
20033766
35215080
29706130
32891876
27147390
36423018
35669910
34970627
34351547
32617790
28985768
8109865
37480028
35932898
31425507
36961271
33841843
32497808
29275255
26930316
34370972
23570997
37602418
25246717
21501685
19400943
15941417
30228077
12582485
18514421
27882230
17545061
1441189
27668525
23092209
20951237
16846493
11755607
32457788
35298821
33129237
32598384
32479550
23820504
21654588
28487863
27087054
24403914
29016295
37167348
32588174
31138275
37918504
36016292
23955068
20138703
33496711
36649370
37327211
36725211
22350768
25147723
11693887
7506296
9010251
22056768
11168000
10957727
1374843
2071028
26813657
18455747
12829845
31418012
34786611
35600962
28643350
32530312
16360322
9662477
1963921
12807314
33723631
25022207
37921483
25800099
27348299
36114817
22336775
15558178
28285168
32064365
24743270
36529451
35616707
28625763
25413141
32228600
37194271
23533606
36480732
36114561
27596849
15305710
32185366
23650359
30764464
30558671
26801629
36803858
30708757
26472535
37872605
17547243
22691980
18171290
3445300
18998583
27108406
32941615
34919688
32523615
34216660
32026319
31930175
27814965
30181188
29533742
36446272
7904129
17323558
33446057
33754849
34586277
30027122
22137537
32678817
32292826
35625265
26718855
15982790
33873205
35603200
35545901
33521059
30296935
23784447
29084967
20530265
34422655
34287333
37057714
32057387
31123476
1524153
2822715
37292842
10207543
26575356
28761486
25922581
2826442
30708474
37363228
33417508
14742454
17082904
32859063
32211024
33131161
32053973
30810828
30471785
33951205
37624001
9611795
36640845
34695797
32544656
1548762
29228024
25688971
24333754
23469296
36914098
25881113
25427544
18833400
36656663
33095053
33430264
32463974
31539396
21570142
34164784
35222646
26693816
26956446
18943207
32348430
27118804
25822189
33398667
31533409
9657512
12053977
31105051
26172453
17906831
17046830
10886418
33842580
28779185
36557637
34240175
34064072
28387594
30769432
10325350
7818811
34079302
32935503
36070805
31837483
31685003
27333301
21513192
32476984
33891933
26980399
23501156
11302799
30845422
35878126
37821352
33596984
32345315
31919525
31756313
15533337
29602972
37099930
27435973
28376874
35449077
28704427
20382115
28081038
37965009
26466889
25482886
23893289
8989422
10935286
19664833
11177408
31614683
34362440
29587873
26620269
27984757
8629048
20578448
2775644
36228917
34682214
30858412
26821705
34575723
31344952
35090570
37228719
37110806
17880709
37750699
36058151
24450052
34968862
34184623
28892479
34099773
33304887
31856157
31106515
28793895
28403241
26623584
24589106
35731378
33430145
32595705
32226247
30996825
12571990
11856426
11334252
27554121
33214248
32265991
21789247
32190283
23591718
20367464
26923671
27092831
7888113
34689190
32251355
37251728
35508977
30703945
30722508
23384580
35741390
22534938
32993542
34463877
25986047
29026659
29469384
30722247
22956747
33116680
31092731
28231795
37370981
35171290
33461568
31296238
34906159
33682151
28614360
30727088
26639680
24652252
30754336
19668365
7826698
31525192
36682375
31127850
37845734
15753317
15141283
26622300
7522845
36569156
16604456
37036390
32412062
33681389
25910628
11012400
26908582
29243131
26095085
15683993
30578936
34256167
28747223
31254438
29568732
29973297
29876136
31739623
29988004
28238067
28482184
27240396
10726261
34130095
32474491
31093574
30780633
37429606
37972855
20691106
15146992
12665429
25941403
30153307
28356060
27179994
22608842
27226800
24457074
36511187
35915227
33705436
33684994
30703922
30743352
34648517
37846766
37038544
33977568
33066373
28455145
36267403
35443642
31015978
32766223
34565449
30769616
29438419
28384307
30722330
10334253
37237528
31426936
29292549
26918196
24929830
19793845
30008482
27880667
25783229
31701676
28403879
30722570
38003806
27745951
35075662
32067279
32813216
27891651
16002312
21515449
37108834
34646009
34981069
32471273
31663058
25632324
9509019
32013623
28357924
28316413
25716077
23272258
16388862
10423220
9790760
34933341
33473059
30425832
21905768
12717666
11227760
10380808
33415391
26939119
35232373
35952703
32686902
37166518
33195604
37579437
37653362
33367652
36921990
31805176
21413504
31540621
30708742
26553234
19386847
19304507
24770720
16257905
15846906
32157953
35491745
27095970
21678791
19040115
12458173
36380374
27535056
33775127
27460474
14739028
37817662
37507407
35050827
24885622
19967191
37313956
20120235
10936578
2623427
34098095
32358711
34293394
25490675
34543271
30505948
35838795
28347352
37695595
34597146
9740283
37766353
33465345
34835049
33167550
29732988
33307082
33411382
37506693
22206039
20208024
32399497
26832753
22766449
30680753
36558858
32974960
32408752
24890819
30856787
26256676
36172118
22325892
20826955
26394921
35276354
30829554
30628024
28708262
37652638
25849488
30764465
30133632
28580001
26107286
37580741
31003870
30367108
27244695
37966471
29433574
30832122
30192783
31951634
21846592
35946631
24989390
20668548
32526844
30608648
11540548
25060706
12798923
12676433
29159705
24643019
34800699
27608502
9114387
2316795
38002289
33168509
29545962
24689976
11791998
1340649
31891731
28959789
24269642
23394756
17669452
8134771
37258231
30229669
23747105
9228685
9099835
8084666
27292284
27182773
34557996
33902620
34345532
32553789
32400355
29851114
24236409
25567671
37700470
37908348
37931060
33571262
36942152
37083395
36562439
34272657
32421489
30743571
30743570
33847889
30139335
30263729
37622748
36852303
33957295
37143529
32241905
32569639
28616054
26605234
26238013
30457101
29302626
19403401
30781095
12860706
34279775
32935751
29317877
24516282
24363886
19090721
12743802
36249111
31044032
30972222
27065766
25278269
20686697
19776765
17172390
10759082
29733942
33830363
25275316
36682669
32772436
30924403
27314585
18403630
35264152
26142904
8189527
31829219
34904132
26624854
30321082
11384710
34297238
28441969
27388261
31828316
24333291
30727188
36732857
26239395
32066493
28131444
8009833
35366177
32840438
35913994
33777712
31814772
35665082
35320064
34950604
34630468
33999789
29367617
28577575
23571115
36248803
32052848
21722361
36828658
30274269
25297927
36320110
27663029
20199676
32513191
28843790
31014496
36653448
37098510
33925095
33924130
25768015
35196658
29470810
34792000
33095752
33996636
34111210
32510751
34033805
24968000
13404433
8410558
34361638
22728716
37995110
34025072
37700479
33936124
35210361
33020393
32524747
35177457
36294670
34863027
32085386
30700969
37829559
31462475
10511968
32414935
37522973
30106160
37990347
36445359
35397473
34320036
28911119
37683684
30917117
30731820
33302565
33298052
31432614
31025604
22924007
36417330
35595289
32913053
33317097
36928838
31721928
37076468
34362871
32174973
31785223
24685055
24335830
10983640
35452411
27998389
21181014
31233517
17261191
12466484
34755817
30722136
11439086
36859238
14582127
34644249
28679283
35223722
25189813
32741341
24023951
37348801
30764407
33602987
31506648
10930662
35082777
32671708
30128768
26581373
26196543
20951841
37249981
34762043
32793641
29201799
22449774
21979378
19947858
19088309
8030285
33561381
32588808
28505175
28195038
27485667
26225656
25559131
20962138
19719744
31311565
36034515
35211102
29072392
23722022
22206027
10806351
10469254
9874666
30205523
27756391
35744062
34597315
34461978
34313597
31012974
25599808
28970156
31209399
32912318
28716015
26266773
33363056
26283539
23747398
25296756
24037943
35533146
25375173
30851923
37017171
22108013
34109041
36900642
36443857
33649410
29549213
26544177
35164709
32564226
29970946
27902236
27245797
8481529
31484826
33833441
25728087
31529612
30355141
37895241
37378517
32310943
26575033
30924763
26755361
33766104
37467130
26741825
36824512
28178181
17089744
37347285
36430517
37239425
34541465
37758440
35273603
31772050
27880787
20511380
28863752
33582787
31792287
37268142
30064479
29355843
37819090
36445122
29654691
35579442
33000527
32028099
30708915
30708868
30722149
29072683
10670563
32305782
31695085
34767312
31380056
37941162
33803906
33767396
8207834
34871296
34669960
33898226
31943500
28542435
28138850
28190156
25319302
8455569
16574475
37348434
26650813
24991919
15637156
14533675
36999425
34512562
32618261
29775826
22147028
30780549
37064832
35300055
34777863
33511667
25299117
22299470
18951948
18174194
16447106
36565815
37593111
29238378
28054932
27271262
24893690
24139701
25901606
34796762
34145125
29497450
24985919
24862040
20153283
17635107
14742196
13677340
34590293
34308400
32876344
33797612
27620388
31045574
32732283
37494311
30708929
37963989
36458283
32952531
32924914
26168260
35986293
34667481
31897786
25494466
36708074
30111827
29463033
28634715
36691213
36428262
31253200
20307249
30934882
23807226
34981043
35745470
11745483
36423117
25888371
19792869
28847698
32527068
27503653
35640480
30703913
32562868
29153070
34466168
30722222
29084216
35485492
34448730
31072735
23750642
32180020
28545348
34066557
26234177
37041113
36958171
32368996
32122231
31416577
37755418
35074409
33195184
37744519
33978757
35581661
32268906
27427448
31486393
28043784
23950050
18576832
32395592
32962322
35809261
34111914
34073691
31446550
31290729
37374315
37145299
32417307
29543151
28404234
26336243
21790471
27693223
27245074
22110757
16051070
11332285
32205013
11587511
34319783
37101190
29888258
27861173
20087931
37278576
32573254
24516456
36805670
34218350
33653023
32189594
30675852
29851310
29170472
12696402
36426140
32046455
35502304
25884362
27229862
32071714
37525286
31428804
34992826
15288742
28054334
36921526
34152205
34100652
23165742
35536213
30119671
27195814
37680950
37606528
30962454
30688979
29069328
34315889
36240834
30722635
34272809
30114288
37399221
35922005
22049039
35921773
33917803
33466870
33258426
28425424
21526928
20120231
31847661
30121630
35796209
33215209
32986993
26277551
26336937
23940707
29536206
32230117
36604762
18624225
34311061
30092084
22728105
29691192
28951317
25467261
20527521
30969170
12409379
31999736
35072506
33851868
36983526
19654364
20929572
33460500
29530464
7888213
37380553
30707706
30764173
8573483
33861750
33596963
31716671
28807019
26700532
34547152
30359232
32741342
36196268
34471146
33823266
32387013
27933873
33098130
32763132
32530926
33963755
26956176
29971076
24244127
36432659
11161745
32675558
31027489
33555267
29399715
28369607
32660590
34819151
20448482
35684161
37128551
35147463
35387618
32578483
27260665
25065127
26149860
34465633
23245607
33634751
35453479
37016662
29195784
33376360
36995847
34455708
34399829
29423699
29318942
26376168
20398214
19432958
34202844
37337221
34111119
30111356
31950604
37172423
35515014
31164615
27163515
38004384
29271185
28506039
31506352
32509592
32104741
30427843
27062447
12495184
30600506
35416686
35876567
28985268
36223105
36499750
33025667
28215861
36281015
36637249
37399829
26666125
36145422
26330173
37824178
34852791
34195434
35510766
33810290
35956693
35409097
30336511
27846577
36903926
33872645
31690035
31631659
34359224
31181002
31408137
31187387
36264102
7258485
27539810
31711570
16872524
11448022
27783317
36608168
33561140
29949632
26350174
32367349
31221197
31696215
27473095
34805533
35922786
33621772
32886709
32664905
31181059
30507942
31235822
25281389
37926353
26641459
32700802
36074421
25900213
35670067
33479777
28732037
32159263
26652023
34451980
34076047
19913372
35766041
36494454
33105815
33893631
33917299
32807109
32695109
32615866
25143182
21745373
33917609
26851675
28628667
35880894
31652374
31214961
34492802
36449638
21699134
37965692
35754087
34859080
35952712
30722456
19729246
33251670
34467627
34398888
30300141
34505031
32549903
37004812
29023474
36297224
34224718
35722917
31229871
26995696
21055880
37651088
34757768
33539386
34061839
34463743
33911273
34685932
33415390
37867892
36836329
36710962
36235511
34131367
35745479
34372052
29656672
26150120
36641049
36178025
33895688
35340740
31682217
34290859
26661707
33911313
29980888
27821634
29975606
34324560
31448710
32907890
36403584
24902920
30066853
37385888
33665461
33531712
35675322
37480608
32687148
29718656
35495481
31864820
31840813
22506081
19120180
34909852
37631028
25122612
37747780
37308979
32890766
28232766
35745467
35278903
36202493
31734154
34312547
35843248
37332882
35871531
29405263
28642330
35612574
34969401
28753823
29108441
36329272
28760939
37192292
30709728
25244383
37149708
25870986
36822536
26180101
36403741
33829920
32647762
29090094
36260188
30678763
31127295
35916147
25661720
31551622
34627560
34104965
37802043
28512184
32912793
29531173
28063815
36889611
33129732
28329057
31536608
29684544
37883184
30326124
30256784
34491987
33342236
35789323
33811162
34786869
30722144
33333147
31433702
30212453
28515118
35354642
27218629
35448604
33406134
30698716
29455858
33044494
35919535
30670697
34698500
37561875
32372009
35609228
37425772
34967848
34469555
33479519
28869987
30509309
29712745
31379242
28862940
29912962
30926973
30371182
37843118
35373933
34021038
31324734
26755682
33707633
32814337
29696642
31256717
29021322
29170152
36820079
33075408
37429030
37407118
33888247
33878892
31307270
28341696
27845421
28452372
27725671
36037469
33057201
31279073
29257133
27398621
29676281
34932938
26390057
30671673
30175238
26831199
26482879
25752329
35385311
36220816
34059833
36702996
35530816
31160810
33846329
30388399
28436984
34010531
27920155
26833246
29531354
29273806
35183128
35697747
31869403
34895949
26414677
36050321
33675743
34033851
25282103
26799652
